tweet_id,retweet_count,favorite_count
892420643555336193,8460,38450
892177421306343426,6230,32946
891815181378084864,4130,24821
891689557279858688,8588,41802
891327558926688256,9316,39971
891087950875897856,3087,20059
890971913173991426,2053,11741
890729181411237888,18771,64923
890609185150312448,4239,27576
890240255349198849,7349,31645
890006608113172480,7284,30406
889880896479866881,4941,27551
889665388333682689,9990,47720
889638837579907072,4516,26930
889531135344209921,2224,14969
889278841981685760,5384,25084
888917238123831296,4473,28849
888804989199671297,4297,25368
888554962724278272,3556,19715
888078434458587136,3474,21573
887705289381826560,5354,29918
887517139158093824,11598,45860
887473957103951883,18077,68544
887343217045368832,10332,33401
887101392804085760,5923,30284
886983233522544640,7728,34876
886736880519319552,3272,11958
886680336477933568,4437,22241
886366144734445568,3180,21014
886258384151887873,6233,27751
885984800019947520,6768,32421
885528943205470208,6388,35675
885518971528720385,3737,20264
885167619883638784,4355,21758
884925521741709313,18320,76889
884876753390489601,5752,27713
884562892145688576,4840,24104
884441805382717440,5616,26764
884247878851493888,20333,72445
884162670584377345,2966,20209
883838122936631299,3425,21725
883482846933004288,9910,45565
883360690899218434,3655,22387
883117836046086144,6641,36899
882992080364220416,3898,23769
882762694511734784,4893,28070
882627270321602560,6059,27684
882268110199369728,11533,44611
882045870035918850,4949,29117
881906580714921986,3387,24104
881666595344535552,10607,50146
881536004380872706,15880,49054
881268444196462592,5134,22901
880935762899988482,2767,16875
880872448815771648,3797,21121
880465832366813184,6260,28309
880221127280381952,4206,26837
880095782870896641,4347,27407
879862464715927552,3482,22157
879492040517615616,3173,23231
879415818425184262,44000,105058
879376492567855104,3107,16635
879050749262655488,4702,22405
879008229531029506,2678,18827
878776093423087618,4117,19265
878604707211726852,7183,30046
878281511006478336,1285,7689
878057613040115712,6818,41720
877736472329191424,19057,79285
877556246731214848,3807,22562
877316821321428993,5163,27162
877201837425926144,5575,26909
876838120628539392,3345,20526
876537666061221889,4610,23300
876484053909872640,2392,18625
876120275196170240,4683,27704
875747767867523072,4284,25021
875144289856114688,4921,21774
875097192612077568,6030,27247
875021211251597312,4712,25292
874680097055178752,4648,27653
874296783580663808,4119,25903
874057562936811520,3958,22510
874012996292530176,10457,34435
873580283840344065,3956,24104
873213775632977920,1592,7207
872967104147763200,5419,27256
872820683541237760,3705,14657
872620804844003328,3715,20693
872486979161796608,9043,40527
872261713294495745,6362,34067
872122724285648897,8161,34334
871879754684805121,11268,37928
871762521631449091,3499,20206
871515927908634625,3477,20163
871102520638267392,5542,20894
871032628920680449,3843,22615
870804317367881728,6255,33589
870656317836468226,2668,12403
870374049280663552,26466,82653
870308999962521604,4197,21821
870063196459192321,8451,36717
869772420881756160,10141,42440
869702957897576449,6413,28273
869596645499047938,3170,15991
869227993411051520,3837,20475
868880397819494401,14718,65845
868622495443632128,5867,27313
868552278524837888,2131,10183
867900495410671616,4238,24293
867774946302451713,7465,34185
867421006826221569,2564,16213
867051520902168576,8017,32445
866720684873056260,4908,20222
866686824827068416,3551,19464
866450705531457537,35971,123230
866334964761202691,14760,53043
865718153858494464,5735,25824
865359393868664832,5110,26726
865006731092295680,7859,28286
864873206498414592,8928,32623
864279568663928832,3112,14773
864197398364647424,9165,30492
863907417377173506,4237,20852
863553081350529029,4277,15479
863432100342583297,5395,24106
863062471531167744,2527,8649
862831371563274240,5222,19436
862722525377298433,3627,17296
862457590147678208,5098,20814
862096992088072192,23971,75697
861383897657036800,11008,36604
861288531465048066,4287,17454
861005113778896900,3919,16973
860563773140209665,2226,7630
860524505164394496,5434,24006
860276583193509888,3587,18588
860184849394610176,6017,16963
859851578198683649,3625,15667
859607811541651456,1622,18923
859196978902773760,31281,91689
859074603037188101,14069,34539
858843525470990336,3595,15829
858471635011153920,5021,21931
858107933456039936,3023,16055
857989990357356544,2682,16452
857746408056729600,11031,34991
857393404942143489,1707,6047
857263160327368704,4702,20446
857029823797047296,4166,19354
856543823941562368,3000,16643
856282028240666624,6599,28385
855857698524602368,2210,12129
855851453814013952,18508,46549
855851453814013952,18508,46549
855818117272018944,5688,27265
855459453768019968,8613,30742
854732716440526848,6412,23500
854482394044301312,7223,30182
854365224396361728,4929,19469
854120357044912130,7898,32955
854010172552949760,3314,16697
854010172552949760,3314,16697
853760880890318849,6109,29520
853639147608842240,10695,36042
853299958564483072,3758,16045
852912242202992640,1946,9367
852672615818899456,2275,15443
852553447878664193,3724,16953
852311364735569921,10480,34330
852226086759018497,7210,20752
852189679701164033,1675,11885
851591660324737024,3682,16816
851464819735769094,7516,25218
851224888060895234,6083,21494
850753642995093505,9886,32282
850380195714523136,2783,13586
850145622816686080,4074,16988
850019790995546112,5217,21295
849776966551130114,8106,31736
849412302885593088,3349,16543
849336543269576704,2015,11918
849051919805034497,9102,44332
848690551926992896,4608,26321
848324959059550208,4919,25867
848212111729840128,3299,17070
847962785489326080,5463,24574
847842811428974592,1438,5731
847606175596138505,3626,19626
847251039262605312,4599,21399
847157206088847362,6287,20918
847116187444137987,3415,22435
846874817362120707,4202,21047
846514051647705089,12473,46829
846505985330044928,3325,14827
846153765933735936,9742,33249
846139713627017216,10589,32361
846042936437604353,3103,16773
845812042753855489,9410,30758
845677943972139009,5138,26326
845397057150107648,1954,8004
845306882940190720,5806,24485
844973813909606400,3457,15882
844704788403113984,11137,40702
844580511645339650,3387,17316
844223788422217728,2367,14327
843981021012017153,3146,15887
843856843873095681,4988,22513
843604394117681152,2965,17762
843235543001513987,6544,22622
842846295480000512,3872,16008
842765311967449089,1373,7104
842535590457499648,3781,19040
842163532590374912,6264,25780
842115215311396866,3272,14761
841680585030541313,8368,27006
841439858740625411,3971,13324
841320156043304961,5866,20825
841314665196081154,5082,16702
841077006473256960,5739,24171
840696689258311684,1067,12977
840632337062862849,1901,9467
840370681858686976,4934,17390
840268004936019968,6200,20360
839990271299457024,2492,14179
839549326359670784,8433,29090
839239871831150596,7117,28753
838952994649550848,4317,20740
838921590096166913,2252,11810
838561493054533637,1437,11541
838476387338051585,5233,23917
838083903487373313,3423,18664
837820167694528512,8559,36205
837482249356513284,481,4060
837471256429613056,2503,13547
837366284874571778,5757,22375
837110210464448512,2606,16965
836989968035819520,2495,13490
836753516572119041,5020,20388
836677758902222849,2421,13364
836380477523124226,3212,15604
836260088725786625,4672,22536
836001077879255040,4684,20268
835574547218894849,3953,18877
835297930240217089,3262,17396
835264098648616962,1856,8234
835172783151792128,6263,27717
835152434251116546,3297,23845
834931633769889797,1800,11502
834786237630337024,5970,22427
834574053763584002,2765,14536
834458053273591808,1825,10211
834209720923721728,5235,21884
834167344700198914,3961,16719
834089966724603904,2325,10670
834086379323871233,2416,13870
833863086058651648,2627,14244
833826103416520705,3758,16297
833722901757046785,3498,21963
833479644947025920,2259,15786
833124694597443584,5290,21466
832998151111966721,2427,14147
832757312314028032,3964,17882
832682457690300417,3206,12640
832645525019123713,567,3100
832636094638288896,3064,16871
832397543355072512,2433,12700
832369877331693569,3481,18220
832273440279240704,2553,12026
832032802820481025,5102,18993
831939777352105988,6718,25540
831911600680497154,7144,29456
831670449226514432,1991,11115
831650051525054464,2135,7633
831552930092285952,2513,9587
831322785565769729,1669,9763
831315979191906304,1223,6939
831309418084069378,2674,12462
831262627380748289,2250,12670
830956169170665475,1644,8496
830583320585068544,18488,71316
830097400375152640,3306,10477
829861396166877184,2149,13045
829501995190984704,11649,33833
829449946868879360,2224,11153
829374341691346946,10231,36932
829141528400556032,8141,26167
829011960981237760,17813,56528
828770345708580865,6465,27274
828708714936930305,12334,39067
828650029636317184,1479,10146
828409743546925057,1265,6704
828408677031882754,1409,8150
828381636999917570,2438,13478
828376505180889089,1168,7887
828372645993398273,3226,13374
828361771580813312,186,2341
828046555563323392,3150,12564
828011680017821696,2360,11061
827933404142436356,5741,21514
827653905312006145,3306,16476
827600520311402496,1042,7906
827324948884643840,3369,16972
827199976799354881,2465,11307
826958653328592898,5512,23091
826848821049180160,11279,39031
826598365270007810,2584,10767
826476773533745153,4620,19691
826240494070030336,2850,14189
826204788643753985,1028,5214
826115272272650244,3451,16763
825876512159186944,2054,11192
825829644528148480,2742,13622
825535076884762624,18961,55708
825147591692263424,5039,19567
825026590719483904,1421,6796
824775126675836928,3889,16013
824663926340194305,1918,10785
824325613288833024,11452,12615
824297048279236611,4264,16101
824025158776213504,651,5111
823939628516474880,2993,11415
823699002998870016,2663,13474
823581115634085888,2924,13963
823322678127919110,4438,16896
822975315408461824,3795,18540
822872901745569793,48487,141969
822859134160621569,2517,14156
822610361945911296,3270,15843
822489057087389700,7079,19467
822462944365645825,16247,30607
822244816520155136,10887,37614
821886076407029760,2588,12187
821765923262631936,1843,9041
821522889702862852,1954,8605
821407182352777218,4818,12641
821149554670182400,2223,9372
821107785811234820,2353,10313
821044531881721856,2533,13599
820749716845686786,10988,33889
820690176645140481,3562,13109
820314633777061888,627,3584
820078625395449857,6946,21269
819952236453363712,1307,5716
819924195358416896,5355,13826
819711362133872643,3475,14468
819588359383371776,2181,10291
819347104292290561,1334,7762
819238181065359361,448,2465
819227688460238848,7398,24841
819006400881917954,20933,48531
819004803107983360,40564,92892
818627210458333184,8251,23876
818614493328580609,2861,10611
818536468981415936,2747,11747
818259473185828864,2536,11862
818145370475810820,2884,13224
817908911860748288,873,5206
817827839487737858,30067,55845
817777686764523521,2957,11508
817777686764523521,2957,11508
817536400337801217,3363,12703
817423860136083457,16630,36873
817415592588222464,1072,6051
817171292965273600,2232,9397
817120970343411712,2907,13092
817056546584727552,1831,9223
816816676327063552,2258,10757
816697700272001025,2448,10562
816450570814898180,9008,32938
816336735214911488,2171,9263
816091915477250048,2388,9618
815990720817401858,1162,5385
815966073409433600,9445,24203
815736392542261248,2515,10604
815639385530101762,1833,8860
815390420867969024,4226,11151
814986499976527872,1435,8231
814638523311648768,3011,12170
814530161257443328,2060,9345
814153002265309185,9660,31006
813910438903693312,2095,10008
813812741911748608,15584,39194
813800681631023104,1958,9007
813217897535406080,8105,20169
813202720496779264,2001,9898
813187593374461952,4856,21396
813172488309972993,2127,10073
813157409116065792,2462,8362
813142292504645637,2625,9073
813127251579564032,3480,12795
813112105746448384,3067,11162
813096984823349248,4009,11354
813081950185472002,3078,10651
813066809284972545,2160,8584
813051746834595840,8148,22605
812781120811126785,2124,8173
812709060537683968,1592,7141
812503143955202048,1363,6555
812466873996607488,2140,8626
812372279581671427,4087,14788
811985624773361665,1562,7838
811744202451197953,1790,8152
811627233043480576,3489,13835
811386762094317568,7119,22571
810984652412424192,1591,5756
810896069567610880,1990,9774
810657578271330305,2939,11836
810284430598270976,12711,38307
810254108431155201,3732,15858
809920764300447744,4340,16731
809448704142938112,1636,7484
809220051211603969,6268,21537
809084759137812480,3899,14272
808838249661788160,3380,10912
808733504066486276,2410,8538
808501579447930884,2894,12198
808344865868283904,23103,45945
808106460588765185,2434,9416
808106460588765185,2434,9416
808001312164028416,3934,13589
807621403335917568,4105,15758
807106840509214720,60353,121875
807010152071229440,4252,14071
806629075125202948,38901,81299
806576416489959424,2139,5237
806542213899489280,2637,11038
806219024703037440,1338,6931
805932879469572096,2125,8940
805826884734976000,2040,7120
805520635690676224,1842,6196
805487436403003392,2820,9476
805207613751304193,1897,8419
804738756058218496,4298,14866
804475857670639616,2237,6655
804026241225523202,18065,48284
803773340896923648,3090,10868
803638050916102144,4622,11901
803380650405482500,2072,8380
803276597545603072,2757,10844
802952499103731712,2238,9763
802600418706604034,1638,7699
802572683846291456,2797,9677
802323869084381190,6519,17595
802239329049477120,2904,9818
801958328846974976,1906,8350
801538201127157760,2296,8874
801285448605831168,926,6561
801167903437357056,6647,26551
801115127852503040,2327,8750
801115127852503040,2327,8750
800751577355128832,3096,11374
800513324630806528,3355,14224
800459316964663297,2402,10226
800388270626521089,3130,12069
800141422401830912,2854,16568
800018252395122689,14686,30740
799757965289017345,2411,9100
799422933579902976,2131,8700
799297110730567681,3088,10749
799063482566066176,2742,8769
798933969379225600,4997,14265
798925684722855936,1602,8046
798209839306514432,2844,11248
797971864723324932,3500,12631
797545162159308800,5419,15716
797236660651966464,7398,21691
796865951799083009,2120,8312
796759840936919040,3412,12874
796484825502875648,1960,8211
796387464403357696,4652,11932
796149749086875649,15966,35069
796125600683540480,1988,5351
796116448414461957,2702,9846
796080075804475393,2588,9141
796031486298386433,4116,11704
795464331001561088,26569,54021
795400264262053889,3196,10946
795076730285391872,6049,17592
794926597468000259,2583,11137
794332329137291264,2947,10368
794205286408003585,3689,9970
793962221541933056,5460,18247
793845145112371200,2095,9969
793601777308463104,1826,8644
793500921481273345,2660,11594
793286476301799424,10277,26705
793271401113350145,2636,9370
793256262322548741,9296,21661
793241302385262592,3663,11404
793226087023144960,3192,10663
793210959003287553,3143,9679
793195938047070209,6274,16552
793180763617361921,2221,7503
793165685325201412,3101,10188
793150605191548928,1905,6689
793135492858580992,2780,7009
793120401413079041,4357,13757
792913359805018113,4486,15556
792883833364439040,4756,12264
792773781206999040,1876,7962
792394556390137856,4776,14613
792050063153438720,2005,7786
791774931465953280,24751,48904
791672322847637504,3490,12733
791406955684368384,4590,14222
791312159183634433,2837,9517
790987426131050500,2386,10723
790946055508652032,5232,17987
790698755171364864,2126,8880
790581949425475584,7993,22415
790337589677002753,2081,8475
790277117346975746,3575,13589
789986466051088384,2589,10016
789903600034189313,4600,11262
789628658055020548,1984,8150
789599242079838210,2161,7341
789530877013393408,3763,12746
789314372632018944,2564,9324
789268448748703744,2879,9871
789137962068021249,3110,10517
788908386943430656,13812,29661
788765914992902144,11482,29707
788412144018661376,5904,16871
788178268662984705,2364,7836
788150585577050112,1448,6657
788039637453406209,1480,6657
787810552592695296,3397,9398
787717603741622272,3097,11052
787397959788929025,3156,11740
787322443945877504,1940,8431
786963064373534720,8909,28775
786709082849828864,6781,19692
786664955043049472,2864,11543
786595970293370880,3450,10175
786363235746385920,3901,11806
786286427768250368,3182,8631
786233965241827333,5317,16571
785927819176054784,3523,12286
785872687017132033,2026,7232
785639753186217984,2467,8445
785639753186217984,2467,8445
785533386513321988,2238,9858
785515384317313025,1401,6605
785264754247995392,1825,7854
785170936622350336,5409,13086
784826020293709826,3582,10954
784517518371221505,2821,9698
784431430411685888,1423,6152
784183165795655680,8974,21741
784057939640352768,12402,32342
783839966405230592,12026,32508
783821107061198850,2189,7964
783695101801398276,3579,11289
783466772167098368,2508,9131
783391753726550016,6135,18249
783334639985389568,13045,31600
783085703974514689,2468,8797
782969140009107456,8181,26061
782747134529531904,1553,8060
782722598790725632,6000,18644
782598640137187329,2090,8402
782305867769217024,6185,18007
781955203444699136,3734,11995
781661882474196992,3003,11281
781655249211752448,1244,4325
781524693396357120,6158,22391
781308096455073793,2826,7710
781308096455073793,2826,7710
781251288990355457,2332,9102
781163403222056960,3028,10538
780931614150983680,8156,23343
780858289093574656,2214,7764
780800785462489090,1443,5949
780601303617732608,3695,13033
780543529827336192,1920,6798
780459368902959104,1181,5696
780192070812196864,2479,9397
780074436359819264,5548,13216
779834332596887552,7872,20526
779377524342161408,3447,9516
779123168116150273,4038,12735
779056095788752897,5017,15960
778764940568104960,406,924
778748913645780993,1479,7440
778650543019483137,1653,6229
778624900596654080,1122,5016
778408200802557953,4828,14714
778383385161035776,1220,6294
778286810187399168,3673,11210
778039087836069888,2921,9150
778027034220126208,1800,7073
777885040357281792,1819,6854
777684233540206592,3264,12100
777621514455814149,2761,9453
777189768882946048,4800,15424
776813020089548800,1339,5254
776477788987613185,3108,9549
776218204058357768,17678,32361
776201521193218049,2789,10335
776113305656188928,4815,12665
776088319444877312,167,1977
775842724423557120,2969,12616
775733305207554048,4439,14904
775729183532220416,5057,13909
775364825476165632,3304,8005
775350846108426240,4334,10937
775085132600442880,5229,16736
774757898236878852,1960,9186
774639387460112384,1921,7229
774314403806253056,6182,23422
773985732834758656,4300,11560
773922284943896577,1915,6884
773704687002451968,1812,7102
773670353721753600,1434,5728
773547596996571136,6815,23741
773308824254029826,8249,24985
773247561583001600,3549,10125
773191612633579521,4540,10753
772877495989305348,4286,9238
772826264096874500,2567,8574
772581559778025472,1867,6962
772193107915964416,1527,6456
772152991789019136,1236,4061
772117678702071809,805,4028
772114945936949249,520,2912
772102971039580160,1018,4308
771908950375665664,2095,7065
771500966810099713,2891,8891
771380798096281600,5632,11316
771136648247640064,3226,9887
771014301343748096,1824,7387
770787852854652928,1351,5337
770772759874076672,1561,5579
770655142660169732,1918,7876
770414278348247044,2271,6765
770293558247038976,1644,6698
770069151037685760,2539,8148
769940425801170949,10639,33805
769695466921623552,1833,6871
769212283578875904,1893,5788
768970937022709760,7210,15483
768855141948723200,983,4512
768609597686943744,1335,4419
768596291618299904,1405,5390
768473857036525572,3781,14634
768193404517830656,3898,11707
767884188863397888,1546,5093
767754930266464257,5930,17206
767500508068192258,2563,8042
767191397493538821,4200,13193
767122157629476866,3144,10875
766793450729734144,1494,5456
766693177336135680,868,4328
766423258543644672,1755,6461
766313316352462849,2074,7276
766069199026450432,956,4594
766008592277377025,540,4005
765719909049503744,2373,7772
765669560888528897,1338,5570
765395769549590528,3731,28297
765371061932261376,2366,7600
765222098633691136,3713,12465
764857477905154048,1947,6889
764259802650378240,1668,6493
763837565564780549,4586,13538
763183847194451968,1622,5798
763103485927849985,2499,7892
762699858130116608,3984,13069
762471784394268675,7154,12114
762464539388485633,4641,11094
762316489655476224,1237,5173
762035686371364864,17160,34315
761976711479193600,2218,5804
761745352076779520,940,4561
761672994376806400,31892,53075
761599872357261312,1292,4423
761334018830917632,1597,5585
761292947749015552,1208,4792
761227390836215808,1707,5703
761004547850530816,3803,12093
760893934457552897,1066,4092
760656994973933572,2110,7082
760641137271070720,1416,5304
760539183865880579,3980,8119
760521673607086080,1537,4531
760290219849637889,12607,28702
760252756032651264,948,4221
760190180481531904,1990,6111
759943073749200896,2300,6361
759923798737051648,6237,15726
759846353224826880,2181,7206
759793422261743616,2089,6383
759793422261743616,2089,6383
759557299618865152,1286,5037
759447681597108224,2691,9097
759446261539934208,535,1788
759197388317847553,2126,6486
759099523532779520,4589,15565
759047813560868866,2211,6980
758854675097526272,981,3797
758828659922702336,4193,11957
758740312047005698,1752,6128
758474966123810816,1085,4095
758467244762497024,2443,5146
758405701903519748,2109,5567
758355060040593408,1191,3675
758099635764359168,11048,20534
758041019896193024,412,2897
757741869644341248,3565,7373
757725642876129280,1336,4847
757611664640446465,1225,4871
757596066325864448,1163,4652
757400162377592832,7488,16217
757393109802180609,1913,6249
757354760399941633,1557,4832
756998049151549440,2179,6703
756939218950160384,2202,7108
756651752796094464,1445,5426
756526248105566208,3966,11135
756303284449767430,1187,4233
756288534030475264,19172,45725
756275833623502848,1681,6891
755955933503782912,3159,7860
755206590534418437,5891,17628
755110668769038337,12127,22701
754856583969079297,2768,7360
754747087846248448,572,2752
754482103782404096,2135,5677
754449512966619136,804,4003
754120377874386944,2555,8375
753655901052166144,2387,6252
753420520834629632,3900,8459
753398408988139520,2101,6193
753375668877008896,2551,8154
753294487569522689,1140,3634
753039830821511168,22932,39662
753026973505581056,1063,4162
752932432744185856,7472,13491
752917284578922496,1717,7357
752682090207055872,1758,6416
752660715232722944,1723,4716
752568224206688256,2499,5925
752519690950500352,3764,7896
752334515931054080,1205,4082
751950017322246144,1018,3288
751937170840121344,1468,5569
751830394383790080,2141,6199
751793661361422336,3191,6264
751598357617971201,3313,8438
751583847268179968,1221,4709
751583847268179968,1221,4709
751538714308972544,1390,5383
751456908746354688,1088,3416
751251247299190784,6421,13346
751205363882532864,2003,6743
751132876104687617,1428,5428
750868782890057730,1516,5107
750719632563142656,5518,14093
750506206503038976,1257,4755
750429297815552001,4709,14079
750383411068534784,1239,4843
750147208377409536,1057,3302
750132105863102464,1388,3874
750117059602808832,1421,4611
750101899009982464,919,3241
750086836815486976,594,2316
750071704093859840,3645,8384
750056684286914561,974,3346
750041628174217216,674,3388
750026558547456000,862,2892
750011400160841729,995,3461
749996283729883136,882,3227
749981277374128128,2677,5452
749774190421639168,1431,4954
749417653287129088,1824,6510
749403093750648834,599,2799
749395845976588288,3783,9178
749317047558017024,2418,5855
749075273010798592,2253,6149
749064354620928000,1646,5106
749036806121881602,850,3298
748977405889503236,3716,11427
748932637671223296,2464,6233
748705597323898880,1030,2945
748699167502000129,1747,5049
748692773788876800,1449,4517
748575535303884801,2174,6460
748568946752774144,730,2323
748346686624440324,1343,5575
748337862848962560,4501,8206
748324050481647620,835,3946
748307329658011649,778,3907
748220828303695873,8491,15047
747963614829678593,2341,6169
747933425676525569,2782,7067
747885874273214464,1076,3145
747844099428986880,814,2991
747816857231626240,1267,5167
747648653817413632,6360,13724
747600769478692864,597,2465
747594051852075008,1148,3927
747512671126323200,1723,5910
747461612269887489,1126,4119
747439450712596480,2094,5778
747219827526344708,1721,5622
747204161125646336,999,3595
747103485104099331,4355,10191
746872823977771008,2338,6373
746790600704425984,1727,5175
746757706116112384,4230,10166
746726898085036033,1946,6415
746542875601690625,2028,5349
746507379341139972,1173,4925
746369468511756288,1795,6563
746131877086527488,2393,7338
746056683365994496,892,3772
745789745784041472,1160,4295
745712589599014916,2528,7427
745433870967832576,2762,7548
745422732645535745,2643,9117
745314880350101504,3011,7613
745074613265149952,3826,8324
745057283344719872,2475,7687
744995568523612160,678,3166
744971049620602880,2925,8367
744709971296780288,1688,5945
744334592493166593,2321,7186
744234799360020481,84526,164218
744223424764059648,405,1803
743980027717509120,1180,4409
743895849529389061,1037,3868
743609206067040256,1494,4761
743595368194129920,7118,19596
743545585370791937,1015,3740
743510151680958465,4005,8381
743253157753532416,1312,4492
743222593470234624,2064,6578
743210557239623680,1475,4068
742534281772302336,3851,7471
742528092657332225,2159,4715
742465774154047488,4212,7687
742423170473463808,4124,10435
742385895052087300,2159,7208
742161199639494656,1487,4596
742150209887731712,1691,5460
741793263812808706,1638,4837
741438259667034112,906,3889
741303864243200000,3504,9302
741099773336379392,6008,10652
741067306818797568,3349,10001
741067306818797568,3349,10001
740995100998766593,2999,6794
740711788199743490,1010,3612
740699697422163968,842,3000
740676976021798912,7381,19231
740373189193256964,14435,36839
740365076218183684,472,2632
740359016048689152,925,3502
740214038584557568,2133,7098
739979191639244800,6409,21151
739932936087216128,1171,4297
739844404073074688,922,4017
739623569819336705,1472,4036
739606147276148736,1799,5706
739544079319588864,23222,42105
739485634323156992,3184,7624
739238157791694849,62812,121945
738885046782832640,1236,3993
738883359779196928,880,3544
738537504001953792,1693,5393
738402415918125056,920,3461
738184450748633089,1315,4573
738166403467907072,3699,9323
738156290900254721,712,2680
737826014890496000,1916,5575
737800304142471168,3747,10580
737678689543020544,1451,5339
737445876994609152,4832,10913
737322739594330112,876,3820
737310737551491075,8021,15557
736736130620620800,1880,4579
736392552031657984,8040,18790
736365877722001409,1356,4229
736225175608430592,2991,8609
736010884653420544,3225,8383
735991953473572864,1244,3817
735648611367784448,1184,4247
735635087207878657,2558,6546
735274964362878976,5486,13776
735256018284875776,958,3545
735137028879360001,1048,3315
734912297295085568,556,2899
734787690684657664,6801,13288
734776360183431168,584,2653
734559631394082816,427,1578
733828123016450049,838,3798
733822306246479872,1089,3886
733482008106668032,1025,3324
733460102733135873,1382,4455
733109485275860992,17401,47222
733109485275860992,17401,47222
732732193018155009,578,2580
732726085725589504,957,3737
732585889486888962,830,3893
732375214819057664,2721,8549
732005617171337216,5896,15781
731285275100512256,1064,3686
731156023742988288,1372,4055
730924654643314689,2136,6477
730573383004487680,2327,5204
730427201120833536,1122,3663
730211855403241472,1139,4045
730196704625098752,2074,5165
729854734790754305,1207,4254
729823566028484608,1333,4209
729463711119904772,2483,6138
729113531270991872,353,1991
728986383096946689,883,3342
728760639972315136,1834,4934
728751179681943552,732,2942
728653952833728512,1123,3505
728409960103686147,2171,5193
728387165835677696,1032,3876
728046963732717569,1266,4552
728035342121635841,1801,4800
728015554473250816,1184,4327
727685679342333952,687,3106
727644517743104000,1888,6227
727524757080539137,1320,4720
727314416056803329,806,3507
727286334147182592,876,3213
727175381690781696,1479,4092
727155742655025152,1424,3841
726935089318363137,2648,7273
726887082820554753,1624,4047
726828223124897792,1087,3750
726224900189511680,1248,4660
725842289046749185,2854,7440
725786712245440512,1462,4400
725729321944506368,1924,5485
725458796924002305,670,1487
724983749226668032,1406,3907
724771698126512129,691,2499
724405726123311104,1776,5598
724049859469295616,1905,4574
724046343203856385,598,2813
724004602748780546,1703,4421
723912936180330496,1317,4105
723688335806480385,3212,8140
723673163800948736,960,3197
723179728551723008,2022,5585
722974582966214656,1697,4345
722613351520608256,1762,5222
721503162398597120,2018,4921
721001180231503872,661,2667
720785406564900865,840,3290
720775346191278080,734,2620
720415127506415616,1608,4349
720389942216527872,2716,6765
720340705894408192,1048,3031
720059472081784833,1218,4108
720043174954147842,2165,5167
719991154352222208,1885,5101
719704490224398336,1567,4818
719551379208073216,2087,5338
719367763014393856,797,2946
719339463458033665,1349,4661
719332531645071360,1031,3601
718971898235854848,1183,3683
718939241951195136,1897,5521
718631497683582976,8715,19962
718613305783398402,519,2576
718540630683709445,1090,2628
718460005985447936,573,2857
718454725339934721,1624,5140
718246886998687744,537,2037
718234618122661888,1081,4085
717841801130979328,642,2585
717790033953034240,1216,3048
717537687239008257,1985,6073
717428917016076293,489,1690
717421804990701568,909,3324
717047459982213120,2050,6616
717009362452090881,1048,3454
716802964044845056,1264,4503
716791146589110272,1495,5843
716730379797970944,458,1298
716447146686459905,6336,13842
716439118184652801,231,2495
716285507865542656,1168,2934
716080869887381504,1872,5153
715928423106027520,945,3368
715758151270801409,1531,3942
715733265223708672,1828,4931
715704790270025728,606,2955
715696743237730304,1388,4119
715680795826982913,1747,4573
715360349751484417,1694,5776
715342466308784130,736,3186
715220193576927233,706,2546
715200624753819648,2031,5411
715009755312439296,1329,4397
714982300363173890,1112,3958
714962719905021952,4611,7769
714957620017307648,1530,4365
714631576617938945,1080,3452
714606013974974464,1005,3823
714485234495041536,1250,2861
714258258790387713,773,3171
714251586676113411,907,3451
714214115368108032,942,2396
714141408463036416,1505,4539
713919462244790272,835,3460
713909862279876608,591,2018
713900603437621249,804,2983
713761197720473600,1485,5157
713411074226274305,1393,4658
713177543487135744,3056,7601
713175907180089344,1565,4716
712809025985978368,7252,19627
712717840512598017,5394,13062
712668654853337088,1311,4396
712438159032893441,1686,5620
712309440758808576,25,257
712097430750289920,1114,4013
712092745624633345,970,3109
712085617388212225,521,3422
712065007010385924,668,2398
711968124745228288,2489,8511
711743778164514816,1065,3000
711732680602345472,4446,9397
711694788429553666,19703,34706
711652651650457602,987,4087
711363825979756544,1221,3856
711306686208872448,794,3499
711008018775851008,671,3162
710997087345876993,1499,4809
710844581445812225,741,2689
710833117892898816,581,2840
710658690886586372,608,2443
710609963652087808,2536,5070
710588934686908417,2026,4808
710296729921429505,793,2500
710283270106132480,558,2251
710272297844797440,1358,4782
710269109699739648,1215,2542
710153181850935296,964,3068
710140971284037632,964,2926
710117014656950272,2142,5807
709918798883774466,1154,3148
709901256215666688,106,710
709852847387627521,1286,3695
709566166965075968,1301,3740
709556954897764353,1145,3468
709519240576036864,258,1574
709449600415961088,640,2352
709409458133323776,749,2769
709225125749587968,620,2532
709207347839836162,6301,13333
709198395643068416,688,2549
709179584944730112,726,2128
709158332880297985,449,2161
709042156699303936,1773,5027
708853462201716736,706,1893
708845821941387268,967,3143
708834316713893888,543,1797
708810915978854401,7511,17443
708738143638450176,881,2894
708711088997666817,787,2699
708479650088034305,729,2692
708469915515297792,886,3252
708400866336894977,10919,16919
708356463048204288,1450,3822
708349470027751425,793,2484
708149363256774660,1662,4516
708130923141795840,907,3582
708119489313951744,1054,2839
708109389455101952,584,2041
708026248782585858,2076,4615
707995814724026368,1209,3291
707969809498152960,1047,2857
707776935007539200,1022,3467
707741517457260545,658,2638
707738799544082433,2665,4337
707693576495472641,1080,3629
707629649552134146,948,2727
707610948723478529,6939,17940
707420581654872064,748,2405
707411934438625280,648,2411
707387676719185920,1407,3712
707377100785885184,1163,3479
707315916783140866,691,2614
707297311098011648,858,2923
707059547140169728,732,2722
707038192327901184,856,2326
707021089608753152,1482,4304
707014260413456384,645,2436
706904523814649856,8462,15422
706901761596989440,645,2191
706681918348251136,1047,3511
706644897839910912,1183,2729
706593038911545345,678,2285
706538006853918722,1527,3664
706516534877929472,1115,3277
706346369204748288,996,3647
706310011488698368,8645,22687
706291001778950144,505,1799
706265994973601792,991,2886
706169069255446529,2403,4142
706166467411222528,1738,5446
706153300320784384,414,1582
705975130514706432,800,3281
705970349788291072,962,3326
705898680587526145,606,2513
705591895322394625,1241,3355
705475953783398401,1001,3132
705442520700944385,1786,4717
705428427625635840,1829,4046
705239209544720384,814,3173
705223444686888960,871,2741
705102439679201280,553,2277
705066031337840642,656,2298
704859558691414016,590,2394
704847917308362754,1657,5418
704819833553219584,1085,2793
704761120771465216,3137,7027
704499785726889984,1081,3114
704480331685040129,1146,3602
704364645503647744,3842,8522
704347321748819968,382,1682
704134088924532736,505,1606
704113298707505153,610,1969
704054845121142784,996,3098
703774238772166656,501,1957
703769065844768768,1227,3488
703631701117943808,748,2754
703611486317502464,1642,4090
703407252292673536,757,2609
703382836347330562,1233,3713
703356393781329922,418,2026
703268521220972544,595,2088
703079050210877440,3355,7812
703041949650034688,13564,27965
702932127499816960,782,2748
702899151802126337,485,1711
702684942141153280,1164,3409
702671118226825216,605,2320
702598099714314240,3542,10969
702539513671897089,1040,3041
702332542343577600,1684,3392
702321140488925184,1116,3477
702276748847800320,826,2628
702217446468493312,1454,5096
701981390485725185,1074,3646
701952816642965504,1106,4032
701889187134500865,1491,3773
701805642395348998,1836,3642
701601587219795968,497,2214
701570477911896070,1012,2985
701545186879471618,660,2814
701214700881756160,5534,12956
700890391244103680,620,2355
700864154249383937,662,2753
700847567345688576,540,2580
700796979434098688,1037,2582
700747788515020802,10148,24221
700518061187723268,864,2799
700505138482569216,618,2414
700462010979500032,1952,4399
700167517596164096,809,2808
700151421916807169,714,2379
700143752053182464,2985,8000
700062718104104960,752,2800
700029284593901568,630,2192
700002074055016451,1457,3513
699801817392291840,1041,3236
699788877217865730,536,2381
699779630832685056,1338,2938
699775878809702401,658,2078
699691744225525762,4966,10888
699446877801091073,2828,6291
699434518667751424,550,2300
699423671849451520,359,1452
699413908797464576,669,2188
699370870310113280,474,1991
699323444782047232,934,3348
699088579889332224,679,2369
699079609774645248,710,2594
699072405256409088,1283,3183
699060279947165696,1960,4009
699036661657767936,1292,2770
698989035503689728,1062,3588
698953797952008193,977,2869
698907974262222848,670,2691
698710712454139905,742,2625
698703483621523456,409,1539
698635131305795584,369,1364
698549713696649216,664,2456
698355670425473025,486,1982
698342080612007937,1026,2402
698262614669991936,2169,5036
698195409219559425,6455,17780
698178924120031232,798,2967
697995514407682048,360,1617
697990423684476929,1398,3488
697943111201378304,748,2550
697881462549430272,1283,3200
697630435728322560,581,1853
697616773278015490,1093,3349
697596423848730625,1362,3217
697575480820686848,546,2161
697516214579523584,1225,2192
697482927769255936,734,2570
697463031882764288,1488,3614
697270446429966336,2014,4952
697259378236399616,1077,3484
697255105972801536,1256,3201
697242256848379904,720,2664
696900204696625153,1107,3387
696894894812565505,732,2492
696886256886657024,1935,5128
696877980375769088,768,2587
696754882863349760,386,1562
696744641916489729,1021,2202
696713835009417216,700,2526
696518437233913856,1833,4127
696488710901260288,1119,2691
696405997980676096,1231,3407
696100768806522880,717,2050
695816827381944320,1271,3183
695794761660297217,848,3378
695629776980148225,2274,4846
695446424020918272,1957,4625
695409464418041856,3858,9145
695314793360662529,1593,3868
695095422348574720,665,2799
695074328191332352,1193,3014
695064344191721472,652,1710
695051054296211456,851,2830
694925794720792577,986,2857
694905863685980160,1011,2928
694669722378485760,15643,37872
694352839993344000,672,2160
694342028726001664,528,1671
694329668942569472,542,2130
694206574471057408,2198,4445
694183373896572928,1004,3122
694001791655137281,1118,3593
693993230313091072,437,1983
693942351086120961,398,1837
693647888581312512,643,2861
693642232151285760,448,2695
693629975228977152,868,2598
693622659251335168,399,1637
693590843962331137,2131,5368
693486665285931008,681,1885
693280720173801472,1346,3568
693267061318012928,889,2534
693262851218264065,544,2365
693231807727280129,796,3037
693155686491000832,3463,8372
693109034023534592,665,1825
693095443459342336,500,1994
692919143163629568,805,2833
692905862751522816,948,2584
692901601640583168,656,1899
692894228850999298,873,2415
692828166163931137,956,3048
692752401762250755,3929,7248
692568918515392513,1662,4616
692535307825213440,1469,3385
692530551048294401,456,1962
692417313023332352,3762,9916
692187005137076224,888,2676
692158366030913536,859,2287
692041934689402880,1378,3604
692017291282812928,1036,3038
691820333922455552,1786,4185
691793053716221953,4547,8613
691756958957883396,1106,3070
691675652215414786,551,2062
691483041324204033,612,2518
691459709405118465,1244,4317
691444869282295808,918,2816
691416866452082688,8279,20524
691321916024623104,714,2736
691096613310316544,967,3147
691090071332753408,362,1812
690989312272396288,3112,6272
690959652130045952,1360,3800
690938899477221376,2166,4389
690932576555528194,1107,3489
690735892932222976,1386,4013
690728923253055490,562,2305
690690673629138944,858,2474
690649993829576704,305,1387
690597161306841088,653,2088
690400367696297985,490,1983
690374419777196032,934,3455
690360449368465409,965,2815
690348396616552449,553,1594
690248561355657216,446,1790
690021994562220032,1119,2968
690015576308211712,801,2663
690005060500217858,1831,3894
689999384604450816,407,1515
689993469801164801,498,1560
689977555533848577,483,1450
689905486972461056,749,2577
689877686181715968,1283,3201
689835978131935233,818,2298
689661964914655233,1007,3396
689659372465688576,4227,11021
689623661272240129,701,2370
689599056876867584,5992,12348
689557536375177216,502,2177
689517482558820352,1552,3602
689289219123089408,1008,2391
689283819090870273,1198,3492
689280876073582592,779,2117
689275259254616065,267,1229
689255633275777024,1168,2716
689154315265683456,1089,3247
689143371370250240,558,2152
688908934925697024,839,2252
688898160958271489,854,2234
688894073864884227,754,2371
688828561667567616,402,1464
688804835492233216,213,1018
688789766343622656,723,2350
688547210804498433,763,2772
688519176466644993,793,2453
688385280030670848,4831,9870
688211956440801280,908,2360
688179443353796608,638,2249
688116655151435777,850,2996
688064179421470721,387,1826
687841446767013888,2742,5803
687826841265172480,1229,2898
687818504314159109,1027,2659
687807801670897665,760,2536
687732144991551489,712,1873
687704180304273409,912,2593
687664829264453632,556,2060
687494652870668288,624,2033
687480748861947905,268,1698
687476254459715584,582,2093
687460506001633280,588,2171
687399393394311168,680,2014
687317306314240000,9940,21349
687312378585812992,2064,4621
687127927494963200,2477,5803
687124485711986689,551,2301
687109925361856513,2676,6168
687102708889812993,1075,2486
687096057537363968,658,2387
686947101016735744,3444,9131
686760001961103360,1494,3734
686749460672679938,1584,3674
686730991906516992,1301,4407
686683045143953408,871,2984
686618349602762752,1473,3901
686606069955735556,587,2002
686394059078897668,740,1862
686386521809772549,957,3457
686377065986265092,606,2358
686358356425093120,741,2333
686286779679375361,1808,4251
686050296934563840,799,2343
686034024800862208,1271,3312
686007916130873345,454,2623
686003207160610816,690,1931
685973236358713344,577,2238
685943807276412928,661,1732
685906723014619143,3154,7984
685667379192414208,624,2489
685663452032069632,1591,3455
685641971164143616,841,3113
685547936038666240,17029,34996
685532292383666176,1245,3232
685325112850124800,4338,10071
685321586178670592,699,2815
685315239903100929,1170,3552
685307451701334016,478,2198
685268753634967552,1313,3294
685198997565345792,727,2473
685169283572338688,1547,4350
684959798585110529,3408,7237
684940049151070208,1135,3417
684926975086034944,512,3719
684914660081053696,1584,3720
684902183876321280,575,1995
684880619965411328,894,2229
684830982659280897,23447,37239
684800227459624960,1080,2879
684594889858887680,3842,9494
684567543613382656,1340,3196
684481074559381504,1267,4106
684460069371654144,604,2096
684241637099323392,3582,8656
684222868335505415,1502,4083
684200372118904832,1122,2302
684195085588783105,562,2034
684188786104872960,1270,3691
684177701129875456,730,2143
684147889187209216,1627,3160
684122891630342144,516,2115
684097758874210310,1564,4359
683857920510050305,1208,4043
683852578183077888,381,2041
683849932751646720,1065,2785
683834909291606017,1201,2780
683828599284170753,1147,2972
683773439333797890,1475,3549
683742671509258241,3613,6909
683515932363329536,3157,7819
683498322573824003,1038,3363
683481228088049664,1077,2796
683462770029932544,726,2590
683449695444799489,1744,4133
683391852557561860,2593,8074
683357973142474752,1020,3116
683142553609318400,1132,3056
683111407806746624,990,3612
683098815881154561,714,2301
683078886620553216,611,2106
683030066213818368,795,2287
682962037429899265,18168,39280
682788441537560576,1215,2624
682750546109968385,476,1617
682697186228989953,390,1394
682662431982772225,1171,3229
682638830361513985,651,2182
682429480204398592,1262,3643
682406705142087680,1912,8039
682393905736888321,743,2377
682389078323662849,506,1774
682303737705140231,1083,3267
682259524040966145,1324,4426
682242692827447297,1287,3449
682088079302213632,10771,19440
682059653698686977,1843,5271
682047327939461121,1048,3408
682032003584274432,2189,6976
682003177596559360,1656,3343
681981167097122816,1117,2946
681891461017812993,897,2615
681694085539872773,4398,13533
681679526984871937,484,1867
681654059175129088,1007,2799
681610798867845120,515,2023
681579835668455424,1423,3750
681523177663676416,6317,15182
681339448655802368,4407,9845
681320187870711809,823,2814
681302363064414209,1991,4187
681297372102656000,1039,3386
681281657291280384,1193,3410
681261549936340994,297,1540
681242418453299201,589,1587
681231109724700672,525,2537
681193455364796417,1614,3936
680970795137544192,720,2572
680959110691590145,2157,4825
680940246314430465,1145,3424
680934982542561280,479,2198
680913438424612864,671,2531
680889648562991104,397,1867
680836378243002368,1441,3658
680805554198020098,720,2292
680801747103793152,897,2503
680798457301471234,1129,3028
680609293079592961,775,2792
680583894916304897,1456,3831
680497766108381184,2074,4485
680494726643068929,523,1813
680473011644985345,810,2689
680440374763077632,547,1537
680221482581123072,314,1543
680206703334408192,1276,2995
680191257256136705,550,2271
680176173301628928,1697,4133
680161097740095489,796,2448
680145970311643136,1887,3828
680130881361686529,1031,2425
680115823365742593,989,2870
680100725817409536,1484,3786
680085611152338944,9664,13532
680070545539371008,951,2718
680055455951884288,7726,17680
679877062409191424,694,2079
679872969355714560,718,2299
679862121895714818,676,2608
679854723806179328,1340,3034
679844490799091713,835,2509
679828447187857408,15210,38376
679777920601223168,1211,3263
679736210798047232,865,2213
679729593985699840,889,2286
679722016581222400,509,1749
679530280114372609,2241,5035
679511351870550016,1388,3566
679503373272485890,1606,3342
679475951516934144,689,2224
679462823135686656,20401,33574
679405845277462528,1306,2518
679158373988876288,8789,22734
679148763231985668,1111,2935
679132435750195208,1251,3134
679111216690831360,2764,6291
679062614270468097,8896,18046
679047485189439488,738,2378
679001094530465792,1335,2984
678991772295516161,1271,2453
678969228704284672,498,1730
678800283649069056,977,2717
678798276842360832,1286,3682
678774928607469569,999,2944
678767140346941444,1477,3723
678764513869611008,517,1728
678755239630127104,3582,7532
678740035362037760,1843,3967
678708137298427904,2630,5855
678675843183484930,1604,3026
678643457146150913,460,2162
678446151570427904,1704,4215
678424312106393600,2753,5713
678410210315247616,1969,4467
678399652199309312,29810,61134
678396796259975168,455,1674
678389028614488064,454,1966
678380236862578688,974,2565
678341075375947776,583,1820
678334497360859136,288,1369
678278586130948096,6554,12083
678255464182861824,401,1666
678021115718029313,6865,14485
677961670166224897,1812,3595
677918531514703872,440,1415
677895101218201600,2274,5082
677716515794329600,1044,3200
677700003327029250,1550,3567
677698403548192770,341,1285
677687604918272002,909,2604
677673981332312066,1612,3512
677662372920729601,1049,2046
677644091929329666,857,1973
677573743309385728,781,2245
677565715327688705,488,1356
677557565589463040,1249,2558
677547928504967168,3906,7296
677530072887205888,242,1121
677335745548390400,1930,3208
677334615166730240,317,1425
677331501395156992,254,1145
677328882937298944,1607,3813
677314812125323265,577,1726
677301033169788928,442,1309
677269281705472000,756,2091
677228873407442944,1757,3719
677187300187611136,987,2871
676975532580409345,1150,2913
676957860086095872,867,2312
676949632774234114,424,1365
676948236477857792,938,2282
676946864479084545,405,1782
676942428000112642,814,2173
676936541936185344,5271,13325
676916996760600576,1925,3110
676897532954456065,782,2360
676864501615042560,768,2209
676821958043033607,16763,24187
676819651066732545,709,1886
676811746707918848,455,1489
676776431406465024,2157,5229
676617503762681856,1052,3036
676613908052996102,208,1141
676606785097199616,470,1972
676603393314578432,418,1230
676593408224403456,2315,4796
676588346097852417,857,2446
676582956622721024,301,1260
676575501977128964,1202,2707
676533798876651520,596,1965
676496375194980353,570,1590
676470639084101634,5000,12161
676440007570247681,715,1799
676430933382295552,370,1462
676263575653122048,586,2173
676237365392908289,314,1276
676219687039057920,33225,78376
676215927814406144,628,1820
676191832485810177,1098,2385
676146341966438401,714,1999
676121918416756736,1245,2238
676101918813499392,1237,2937
676098748976615425,1542,3155
676089483918516224,456,1377
675898130735476737,611,1713
675891555769696257,934,2231
675888385639251968,1024,2487
675878199931371520,1494,4363
675853064436391936,1388,2810
675845657354215424,951,2386
675822767435051008,567,1589
675820929667219457,244,1096
675798442703122432,3609,10698
675781562965868544,508,1688
675740360753160193,371,1212
675710890956750848,885,1979
675706639471788032,103,670
675534494439489536,444,1894
675531475945709568,411,1229
675522403582218240,304,1082
675517828909424640,487,1360
675501075957489664,6197,17835
675497103322386432,1382,3269
675489971617296384,632,1351
675483430902214656,1031,1919
675432746517426176,601,1583
675372240448454658,537,1775
675362609739206656,242,1089
675354435921575936,18239,34097
675334060156301312,1372,2897
675166823650848770,1724,3760
675153376133427200,2767,6547
675149409102012420,1788,3885
675147105808306176,254,979
675146535592706048,330,1242
675145476954566656,960,2216
675135153782571009,524,1350
675113801096802304,827,2030
675111688094527488,267,1002
675109292475830276,1205,2910
675047298674663426,345,1101
675015141583413248,1272,2816
675006312288268288,240,1015
675003128568291329,502,1609
674805413498527744,374,896
674800520222154752,912,3120
674790488185167872,268,1143
674788554665512960,220,841
674781762103414784,1278,2085
674774481756377088,503,1175
674767892831932416,849,1900
674764817387900928,253,815
674752233200820224,492,1512
674743008475090944,584,1455
674739953134403584,420,1156
674737130913071104,97,667
674690135443775488,494,1187
674670581682434048,688,1680
674664755118911488,269,955
674646392044941312,530,1492
674644256330530816,285,1068
674638615994089473,612,1743
674632714662858753,610,1550
674468880899788800,2178,6440
674447403907457024,376,1098
674436901579923456,417,1154
674422304705744896,563,1482
674416750885273600,148,705
674410619106390016,490,1237
674394782723014656,606,1553
674372068062928900,326,877
674318007229923329,546,1462
674307341513269249,7332,11721
674291837063053312,6240,15271
674271431610523648,766,1619
674269164442398721,239,927
674265582246694913,892,1696
674262580978937856,481,1344
674255168825880576,592,1520
674082852460433408,179,779
674075285688614912,303,1011
674063288070742018,2347,6576
674053186244734976,1375,3443
674051556661161984,506,1495
674045139690631169,674,1464
674042553264685056,135,742
674038233588723717,431,1137
674036086168010753,227,869
674024893172875264,1297,1851
674019345211760640,315,1169
674014384960745472,685,1615
674008982932058114,369,1237
673956914389192708,1017,2016
673919437611909120,385,1206
673906403526995968,1711,3295
673887867907739649,264,961
673715861853720576,2198,3664
673711475735838725,313,1068
673709992831262724,286,874
673708611235921920,305,1105
673707060090052608,410,1129
673705679337693185,417,1293
673700254269775872,598,1483
673697980713705472,2064,3924
673689733134946305,681,1792
673688752737402881,521,1297
673686845050527744,457,1488
673680198160809984,487,1411
673662677122719744,380,1284
673656262056419329,254,737
673612854080196609,760,1636
673583129559498752,388,1226
673580926094458881,277,852
673576835670777856,587,1419
673363615379013632,326,1051
673359818736984064,701,1493
673355879178194945,614,1535
673352124999274496,567,1700
673350198937153538,223,762
673345638550134785,1346,2602
673343217010679808,281,999
673342308415348736,616,1304
673320132811366400,8347,13884
673317986296586240,277,892
673295268553605120,3321,7731
673270968295534593,387,1094
673240798075449344,763,1457
673213039743795200,886,2323
673148804208660480,658,1749
672997845381865473,756,2019
672995267319328768,311,984
672988786805112832,304,1003
672984142909456390,566,1286
672980819271634944,1042,1863
672975131468300288,962,1738
672970152493887488,373,982
672968025906282496,571,1350
672964561327235073,671,1460
672902681409806336,527,1409
672898206762672129,440,917
672884426393653248,860,1596
672877615439593473,385,1056
672834301050937345,594,1348
672828477930868736,510,1285
672640509974827008,336,999
672622327801233409,516,1326
672614745925664768,613,1253
672609152938721280,405,1147
672604026190569472,425,1142
672594978741354496,630,1360
672591762242805761,347,976
672591271085670400,195,746
672538107540070400,387,1054
672523490734551040,180,662
672488522314567680,455,1146
672482722825261057,634,1167
672481316919734272,128,731
672475084225949696,733,1476
672466075045466113,563,1390
672272411274932228,3541,6638
672267570918129665,640,1535
672264251789176834,355,1175
672256522047614977,1622,2892
672254177670729728,770,1471
672248013293752320,633,1772
672245253877968896,162,703
672239279297454080,334,915
672231046314901505,1054,1888
672222792075620352,221,805
672205392827572224,1204,2323
672169685991993344,386,1048
672160042234327040,376,893
672139350159835138,750,1793
672125275208069120,1197,2474
672095186491711488,383,1025
672082170312290304,381,964
672068090318987265,537,1331
671896809300709376,4335,8692
671891728106971137,590,1364
671882082306625538,1437,3558
671879137494245376,719,1459
671874878652489728,580,1281
671866342182637568,522,1156
671855973984772097,475,936
671789708968640512,3639,7264
671768281401958400,546,1230
671763349865160704,964,1729
671744970634719232,802,1383
671743150407421952,239,758
671735591348891648,786,1482
671561002136281088,7557,13193
671547767500775424,620,1389
671544874165002241,1093,2044
671542985629241344,593,1121
671538301157904385,413,948
671536543010570240,426,1206
671533943490011136,600,1046
671528761649688577,268,861
671520732782923777,551,1434
671518598289059840,303,973
671511350426865664,758,1654
671504605491109889,3690,7228
671497587707535361,466,946
671488513339211776,491,1039
671486386088865792,213,597
671485057807351808,241,784
671390180817915904,765,1457
671362598324076544,307,1145
671357843010908160,154,412
671355857343524864,117,489
671347597085433856,449,995
671186162933985280,222,755
671182547775299584,360,1152
671166507850801152,368,896
671163268581498880,1154,1707
671159727754231808,85,385
671154572044468225,227,738
671151324042559489,160,691
671147085991960577,240,691
671141549288370177,682,1203
671138694582165504,421,956
671134062904504320,200,767
671122204919246848,2636,3593
671115716440031232,806,1390
671109016219725825,458,1174
670995969505435648,305,1135
670842764863651840,9153,25243
670840546554966016,205,612
670838202509447168,727,1144
670833812859932673,128,461
670832455012716544,229,753
670826280409919488,4246,5727
670823764196741120,198,795
670822709593571328,100,631
670815497391357952,1614,3262
670811965569282048,281,1160
670807719151067136,509,1183
670804601705242624,994,2030
670803562457407488,91,348
670797304698376195,247,751
670792680469889025,288,856
670789397210615808,250,683
670786190031921152,209,619
670783437142401025,411,839
670782429121134593,814,1616
670780561024270336,297,801
670764103623966721,440,1107
670755717859713024,118,460
670733412878163972,529,988
670727704916926465,380,854
670717338665226240,517,1246
670704688707301377,386,784
670691627984359425,253,603
670679630144274432,300,768
670676092097810432,45,260
670668383499735048,5267,11026
670474236058800128,799,1575
670468609693655041,89,361
670465786746662913,580,999
670452855871037440,217,564
670449342516494336,699,1224
670444955656130560,2065,6890
670442337873600512,205,664
670435821946826752,545,1081
670434127938719744,672,1443
670433248821026816,118,334
670428280563085312,664,1425
670427002554466305,172,530
670421925039075328,667,1350
670420569653809152,330,645
670417414769758208,337,585
670411370698022913,942,2089
670408998013820928,233,572
670403879788544000,163,443
670385711116361728,220,575
670374371102445568,280,762
670361874861563904,69,339
670338931251150849,117,437
670319130621435904,1288,3954
670303360680108032,141,438
670290420111441920,298,724
670093938074779648,353,1064
670086499208155136,261,715
670079681849372674,1305,2288
670073503555706880,826,1613
670069087419133954,255,650
670061506722140161,359,786
670055038660800512,344,687
670046952931721218,183,662
670040295598354432,115,771
670037189829525505,292,600
670003130994700288,96,342
669993076832759809,87,332
669972011175813120,168,454
669970042633789440,63,308
669942763794931712,174,521
669926384437997569,109,387
669923323644657664,59,242
669753178989142016,422,834
669749430875258880,67,278
669683899023405056,114,402
669682095984410625,137,365
669680153564442624,300,689
669661792646373376,459,829
669625907762618368,1889,3634
669603084620980224,386,970
669597912108789760,157,524
669583744538451968,969,1526
669573570759163904,148,448
669571471778410496,1052,1629
669567591774625800,59,241
669564461267722241,129,398
669393256313184256,79,375
669375718304980992,760,1374
669371483794317312,187,509
669367896104181761,164,473
669363888236994561,238,644
669359674819481600,129,377
669354382627049472,1325,2787
669351434509529089,195,451
669328503091937280,434,1036
669327207240699904,120,588
669324657376567296,214,507
669216679721873412,419,1217
669214165781868544,178,455
669203728096960512,498,1033
669037058363662336,326,679
669015743032369152,388,759
669006782128353280,261,590
669000397445533696,6634,21438
668994913074286592,243,454
668992363537309700,362,765
668989615043424256,342,702
668988183816871936,494,927
668986018524233728,174,564
668981893510119424,320,554
668979806671884288,366,816
668975677807423489,611,1343
668960084974809088,249,728
668955713004314625,74,287
668932921458302977,59,276
668902994700836864,106,326
668892474547511297,158,408
668872652652679168,310,542
668852170888998912,174,465
668826086256599040,146,450
668815180734689280,283,587
668779399630725120,384,726
668655139528511488,227,547
668645506898350081,566,923
668643542311546881,551,909
668641109086707712,559,1103
668636665813057536,506,1072
668633411083464705,1720,2895
668631377374486528,330,738
668627278264475648,118,324
668625577880875008,140,400
668623201287675904,810,1488
668620235289837568,45,210
668614819948453888,326,622
668587383441514497,1128,1706
668567822092664832,60,252
668544745690562560,237,532
668542336805281792,223,475
668537837512433665,78,257
668528771708952576,235,477
668507509523615744,112,335
668496999348633600,136,422
668484198282485761,245,439
668480044826800133,153,475
668466899341221888,536,908
668297328638447616,309,636
668291999406125056,33,254
668286279830867968,142,520
668274247790391296,238,849
668268907921326080,245,570
668256321989451776,643,1334
668248472370458624,504,1018
668237644992782336,2963,6376
668226093875376128,107,309
668221241640230912,205,523
668204964695683073,200,565
668190681446379520,201,668
668171859951755264,202,506
668154635664932864,326,509
668142349051129856,296,578
668113020489474048,252,683
667937095915278337,821,1305
667924896115245057,114,307
667915453470232577,58,215
667911425562669056,315,501
667902449697558528,387,867
667886921285246976,1129,1936
667885044254572545,506,837
667878741721415682,121,399
667873844930215936,419,643
667866724293877760,1067,3064
667861340749471744,80,247
667832474953625600,63,293
667806454573760512,514,1079
667801013445750784,97,337
667793409583771648,338,715
667782464991965184,249,420
667773195014021121,58,240
667766675769573376,225,451
667728196545200128,153,383
667724302356258817,328,496
667549055577362432,2357,5910
667546741521195010,129,340
667544320556335104,540,885
667538891197542400,67,209
667534815156183040,553,835
667530908589760512,248,482
667524857454854144,1146,1730
667517642048163840,196,374
667509364010450944,2193,6906
667502640335572993,224,539
667495797102141441,282,534
667491009379606528,232,544
667470559035432960,100,263
667455448082227200,60,194
667453023279554560,92,319
667443425659232256,596,803
667437278097252352,245,455
667435689202614272,85,309
667405339315146752,223,473
667393430834667520,58,198
667369227918143488,167,374
667211855547486208,248,499
667200525029539841,267,623
667192066997374976,109,392
667188689915760640,427,760
667182792070062081,6377,14574
667177989038297088,55,193
667176164155375616,472,618
667174963120574464,84,251
667171260800061440,92,227
667165590075940865,1169,2735
667160273090932737,63,262
667152164079423490,17554,48533
667138269671505920,2270,4682
667119796878725120,129,332
667090893657276420,129,339
667073648344346624,125,410
667065535570550784,48,168
667062181243039745,55,220
667044094246576128,51,186
667012601033924608,227,453
666996132027977728,96,247
666983947667116034,1002,2577
666837028449972224,562,829
666835007768551424,80,217
666826780179869698,97,256
666817836334096384,258,525
666804364988780544,94,244
666786068205871104,490,769
666781792255496192,200,392
666776908487630848,175,355
666739327293083650,66,238
666701168228331520,221,436
666691418707132416,47,188
666649482315059201,608,991
666644823164719104,83,233
666454714377183233,208,521
666447344410484738,20,105
666437273139982337,48,126
666435652385423360,53,165
666430724426358785,198,319
666428276349472768,83,165
666421158376562688,111,316
666418789513326592,46,125
666411507551481857,325,445
666407126856765440,40,108
666396247373291520,84,167
666373753744588802,93,187
666362758909284353,567,774
666353288456101888,72,219
666345417576210432,135,294
666337882303524864,90,197
666293911632134144,354,497
666287406224695296,64,148
666273097616637952,76,174
666268910803644416,35,102
666104133288665088,6547,14254
666102155909144576,12,80
666099513787052032,67,153
666094000022159362,73,164
666082916733198337,44,117
666073100786774016,163,320
666071193221509120,60,147
666063827256086533,217,473
666058600524156928,57,111
666057090499244032,141,295
666055525042405380,249,433
666051853826850816,844,1212
666050758794694657,58,132
666049248165822465,40,109
666044226329800704,141,298
666033412701032449,44,125
666029285002620928,47,129
666020888022790149,511,2556
